CPU

1 400x400 0,0405858
2 400x400 0,0724295
3 400x400 0,120955
4 400x400 0,173113
5 400x400 0,246307
6 400x400 0,329056
7 400x400 0,415235
8 400x400 0,53714
9 400x400 0,637181

1 800x800 0,162369
2 800x800 0,292769
3 800x800 0,481906
4 800x800 0,693947
5 800x800 0,971595
6 800x800 1,33182
7 800x800 1,69489
8 800x800 2,1074
9 800x800 2,6011

GPU
1 400x400 6,5358e-05
2 400x400 7,2334e-05
3 400x400 0,000104466
4 400x400 0,00013412
5 400x400 0,000171494
6 400x400 0,000194266
7 400x400 0,00023216
8 400x400 0,000271448
9 400x400 0,000298652

1 800x800 0,000189748
2 800x800 0,000211642
3 800x800 0,000290592
4 800x800 0,000437518
5 800x800 0,000555176
6 800x800 0,000683656
7 800x800 0,000828638
8 800x800 0,00097892
9 800x800 0,00103152